I
1100 Generated by WorldEditor

1      5 1 0 VRMD Dharavandhoo
1302 city Dharavandhoo
1302 country Maldives
1302 datum_lat 5.156051
1302 datum_lon 73.130214
1302 iata_code DRV
1302 icao_code VRMD
1302 region_code VR
1302 transition_alt 11000
1302 flatten 1
100 30.00 1 0 0.00 0 3 0 12 05.15826978 073.12527138 0 0 2 0 0 0 30 05.15383222 073.13515659 0 0 2 0 0 0
110  1 0.00 0.0000 Polygon from DSF lib/airport/pavement/asphalt_3D.pol 
111  5.159142200  73.135353485 
111  5.159218616  73.135181685 
111  5.158455857  73.134802531 
111  5.159124660  73.133067901 
111  5.159793759  73.133308830 
111  5.159843595  73.133157555 
111  5.159115431  73.132888993 
113  5.158323259  73.134932081
110  1 0.00 0.0000 Polygon from DSF lib/airport/pavement/asphalt_3D.pol 
111  5.155740960  73.134695719 
112  5.155711975  73.134744399  5.155705268  73.134757329 
112  5.155681296  73.134746475  5.155662419  73.134738186 
111  5.155662419  73.134738186 
111  5.155675497  73.134710138 
111  5.155293507  73.134536747 
111  5.155280208  73.134565261 
111  5.155136612  73.134499988 
111  5.154874799  73.135084322 
111  5.155015892  73.135150190 
111  5.154924836  73.135356049 
111  5.155408907  73.135579842 
112  5.155761803  73.134794206  5.155781275  73.134752311 
113  5.155816213  73.134737651
111  5.155250068  73.135056351 
112  5.155250068  73.135056351  5.155262045  73.135061782 
112  5.155261658  73.135080014  5.155256636  73.135091651 
112  5.155218001  73.135175441  5.155212979  73.135186691 
112  5.155192116  73.135181259  5.155182844  73.135176992 
112  5.154992376  73.135089712  5.154978468  73.135083117 
112  5.154982331  73.135059454  5.154986967  73.135048980 
112  5.155020579  73.134976053  5.155026761  73.134962476 
114  5.155062690  73.134972562  5.155075053  73.134978769 
111  5.155157986  73.135281921 
112  5.155157986  73.135281921  5.155141244  73.135275133 
112  5.155036288  73.135228906  5.155021800  73.135222441 
112  5.155048844  73.135199812  5.155065908  73.135206924 
114  5.155170220  73.135254120  5.155187284  73.135262525 
111  5.155409754  73.135364999 
112  5.155409754  73.135364999  5.155429393  73.135373404 
112  5.155399452  73.135391506  5.155378847  73.135382131 
112  5.155251031  73.135323945  5.155229782  73.135314247 
114  5.155263265  73.135298407  5.155284192  73.135307782 
111  5.155666323  73.134842882 
112  5.155666323  73.134842882  5.155661630  73.134854190 
112  5.155468753  73.135283897  5.155459743  73.135303121 
112  5.155434403  73.135296336  5.155420059  73.135289504 
112  5.155302071  73.135238099  5.155287993  73.135232445 
112  5.155293061  73.135196825  5.155302634  73.135176471 
112  5.155488331  73.134763618  5.155497116  73.134743942 
112  5.155524821  73.134748692  5.155540459  73.134755828 
114  5.155658617  73.134809755  5.155673821  73.134817576 
110  1 0.00 0.0000 Polygon from DSF lib/airport/pavement/asphalt_3D.pol 
111  5.158334932  73.134902061 
112  5.158334932  73.134902061  5.158329548  73.134912873 
112  5.158292868  73.134906754  5.158262727  73.134891887 
112  5.158076157  73.134798633  5.158062024  73.134792551 
112  5.158051255  73.134805391  5.158046093  73.134817322 
112  5.157702497  73.135687676  5.157694744  73.135704218 
112  5.157626324  73.135710821  5.157599197  73.135694660 
112  5.155810031  73.134648415  5.155790364  73.134636880 
112  5.155740960  73.134695719  5.155737444  73.134701694 
112  5.155816213  73.134737651  5.155823267  73.134734259 
112  5.155894901  73.134771084  5.155948234  73.134801913 
112  5.157695689  73.135819739  5.157708288  73.135827524 
112  5.157726122  73.135804743  5.157733875  73.135783335 
112  5.158068421  73.134928887  5.158076497  73.134907803 
112  5.158134842  73.134899908  5.158157245  73.134910272 
112  5.158347858  73.135000247  5.158353417  73.135002680 
112  5.158359935  73.134995702  5.158363522  73.134986480 
113  5.158386624  73.134928076
110 1 0.00 114.2600 Taxiway 4
111  05.15573943  073.13365555
111  05.15582689  073.13346240
111  05.15562862  073.13337213
112  05.15558902  073.13346038  05.15558065  073.13347978
112  05.15555066  073.13347290  05.15553951  073.13346760
112  05.15491466  073.13318500  05.15488754  073.13317268
111  05.15488513  073.13313509
111  05.15483631  073.13324042
112  05.15489453  073.13322857  05.15492570  073.13324277
112  05.15553211  073.13351791  05.15556073  073.13353115
113  05.15554732  073.13356864
110 1 0.00 24.2600 Taxiway 3
111  05.15484341  073.13515644
111  05.15531647  073.13410088
111  05.15481324  073.13387342
112  05.15465806  073.13380315  05.15461882  073.13378519
111  05.15462071  073.13372180
111  05.15451670  073.13395426
112  05.15460005  073.13392699  05.15464317  073.13394701
111  05.15475759  073.13399827
112  05.15485484  073.13404219  05.15487996  073.13405383
112  05.15488788  073.13412230  05.15487320  073.13415372
112  05.15471198  073.13451397  05.15469991  073.13454117
112  05.15463900  073.13454306  05.15461794  073.13453350
111  05.15453463  073.13449579
112  05.15437610  073.13442417  05.15433714  073.13440671
111  05.15434197  073.13434626
111  05.15423927  073.13457481
112  05.15432008  073.13454959  05.15435936  073.13456737
111  05.15447850  073.13462110
112  05.15458334  073.13466839  05.15460921  073.13468006
112  05.15461087  073.13473628  05.15460077  073.13475911
113  05.15449357  073.13499785
110 1 0.00 114.2600 Taxiway 2
111  05.15391861  073.13464795
111  05.15373681  073.13471709
111  05.15358934  073.13504587
113  05.15371581  073.13510233
110 1 0.00 114.2600 Taxiway 1
111  05.15818046  073.12578244
111  05.15836395  073.12571487
111  05.15851403  073.12538113
113  05.15838893  073.12532563
130 Airport Boundary
111  05.15605465  073.13484480
111  05.15571543  073.13468387
111  05.15609504  073.13348110
111  05.15558194  073.13321791
111  05.15955760  073.12435312
111  05.15937201  073.12411708
111  05.15911837  073.12401770
111  05.15821826  073.12420404
111  05.15790894  073.12455499
111  05.15762297  073.12508729
111  05.15321014  073.13486689
111  05.15313043  073.13609733
111  05.15355387  073.13650247
111  05.15421143  073.13676757
111  05.15455018  073.13678257
111  05.15488395  073.13671255
111  05.15505332  073.13659751
111  05.15527836  073.13608526
113  05.15564923  073.13598960
120 Linear Feature 6
111  05.15447850  073.13462110 4
115  05.15453463  073.13449579
120 Linear Feature 5
111  05.15475759  073.13399827 4
115  05.15481324  073.13387342
120 Linear Feature 12
112  05.15428398  073.13445838  05.15423143  073.13443472 1
116  05.15423410  073.13428185  05.15425794  073.13422860
120 Linear Feature 11
112  05.15456037  073.13383485  05.15451632  073.13381506 1
116  05.15440532  073.13390112  05.15437989  073.13395878
120 Linear Feature 10
112  05.15412762  073.13451889  05.15415119  073.13446613 1
112  05.15428398  073.13445838  05.15433652  073.13448204 1
112  05.15472210  073.13465584  05.15475872  073.13467214 1
112  05.15488482  073.13459393  05.15491171  073.13453435 1
112  05.15506368  073.13419670  05.15508918  073.13413990 1
112  05.15499275  073.13403005  05.15493619  073.13400538 1
112  05.15456037  073.13383485  05.15451632  073.13381506 1
116  05.15451213  073.13366234  05.15453994  073.13359989
120 Linear Feature 11
111  05.15487460  073.13508398 20
115  05.15513624  073.13450039
120 Linear Feature 11
111  05.15487694  073.13508500 20
115  05.15513857  073.13450141
21 05.15465303 073.13255685 2 294.2600 3.00 PAPI 30
21 05.15743971 073.12788673 2 114.2600 3.00 PAPI 12
14  05.15559739  073.13424569  49.21 0 Tower Viewpoint
1300  05.15502124  073.13429258 294.26 tie_down turboprops Apron position 1
1301 B none 
1300  05.15482292  073.13500409  24.26 tie_down turboprops|props|helos Apron position 2
1301 B none 
18  05.15570695  073.13405704 1 Airport Beacon
19  05.15549167  073.13009366 1 Windsock
54 11825 Dharavandhoo Tower
1200 
1201  05.15913774  073.13292350 both 0 _stop
1201  05.15951020  073.13306267 both 1 _stop
1201  05.15968821  073.13312785 both 2 _stop
1201  05.15965720  073.13322614 both 3 _stop
1201  05.15547244  073.13535587 both 4 _stop
1201  05.15522063  073.13523748 both 5 _stop
1201  05.15530300  073.13506881 both 6 _stop
1201  05.15533983  073.13487089 both 7 _stop
1201  05.15543255  073.13467553 both 8 _stop
1201  05.15910131  073.13302213 both 9 _stop
1201  05.15835183  073.13496586 both 10 _stop
1201  05.15807128  073.13483610 both 11 _stop
1201  05.15769953  073.13578523 both 12 _stop
1201  05.15581964  073.13469037 both 13 _stop
1201  05.15577590  073.13471335 both 14 _stop
1201  05.15571681  073.13480298 both 15 _start
1201  05.15496131  073.13476263 both 16 _stop
1201  05.15485016  073.13501626 both 17 _stop
1201  05.15482292  073.13500409 both 18 _stop
1201  05.15461167  073.13490759 both 19 _stop
1201  05.15503079  073.13404734 both 20 _stop
1201  05.15507638  073.13416720 both 21 _stop
1201  05.15502124  073.13429258 both 22 _stop
1201  05.15487105  073.13462225 both 23 _stop
1201  05.15475978  073.13467279 both 24 _stop
1201  05.15454502  073.13457582 both 25 _start
1201  05.15472183  073.13465622 both 26 unnamed entity(split)
1201  05.15481774  073.13395116 both 27 _start
1201  05.15368507  073.13499560 both 28 _stop
1201  05.15378243  073.13477998 both 29 _stop
1201  05.15840861  073.12544020 both 30 _stop
1201  05.15831192  073.12565157 both 31 _stop
1201  05.15823057  073.12535741 both 32 _stop
1201  05.15386717  073.13507748 both 33 _start
1201  05.15401497  073.13474982 both 34 unnamed entity(split)
1201  05.15416843  073.13440680 both 35 unnamed entity(split)
1201  05.15444774  073.13378441 both 36 unnamed entity(split)
1201  05.15535520  073.13176294 both 37 unnamed entity(split)
1201  05.15626266  073.12974146 both 38 unnamed entity(split)
1201  05.15717013  073.12771998 both 39 unnamed entity(split)
1201  05.15807759  073.12569850 both 40 unnamed entity(split)
1202 16 24 oneway taxiway_B 
1202 17 16 oneway taxiway_B 
1202 18 17 oneway taxiway_B 
1202 19 18 oneway taxiway_B 
1202 26 19 oneway taxiway_B 
1202 20 27 oneway taxiway_B 
1202 21 20 oneway taxiway_B 
1202 22 21 oneway taxiway_B 
1202 23 22 oneway taxiway_B 
1202 24 23 oneway taxiway_B 
1202 25 26 twoway taxiway_B 
1202 26 24 twoway taxiway_B 
1202 25 35 twoway taxiway_B 
1204 departure 12,30
1204 arrival 12,30
1202 27 36 twoway taxiway_B 
1204 departure 12,30
1204 arrival 12,30
1202 28 33 oneway taxiway_B 
1204 departure 12,30
1204 arrival 12,30
1202 29 28 oneway taxiway_B 
1204 departure 12,30
1204 arrival 12,30
1202 34 29 oneway taxiway_B 
1204 departure 12,30
1204 arrival 12,30
1202 30 32 oneway taxiway_B 
1204 departure 12,30
1204 arrival 12,30
1202 31 30 oneway taxiway_B 
1204 departure 12,30
1204 arrival 12,30
1202 40 31 oneway taxiway_B 
1204 departure 12,30
1204 arrival 12,30
1202 33 34 twoway runway 12/30
1204 departure 12,30
1204 arrival 12,30
1204 ils 12,30
1202 34 35 twoway runway 12/30
1204 departure 12,30
1204 arrival 12,30
1204 ils 12,30
1202 35 36 twoway runway 12/30
1204 departure 12,30
1204 arrival 12,30
1204 ils 12,30
1202 36 37 twoway runway 12/30
1204 departure 12,30
1204 arrival 12,30
1204 ils 12,30
1202 37 38 twoway runway 12/30
1204 departure 12,30
1204 arrival 12,30
1204 ils 12,30
1202 38 39 twoway runway 12/30
1204 departure 12,30
1204 arrival 12,30
1204 ils 12,30
1202 39 40 twoway runway 12/30
1204 departure 12,30
1204 arrival 12,30
1204 ils 12,30
1202 40 32 twoway runway 12/30
1204 departure 12,30
1204 arrival 12,30
1204 ils 12,30
1206 0 9 oneway  
1206 1 0 oneway  
1206 2 1 oneway  
1206 3 2 oneway  
1206 9 3 oneway  
1206 4 15 oneway  
1206 5 4 oneway  
1206 6 5 oneway  
1206 7 6 oneway  
1206 8 7 oneway  
1206 15 8 oneway  
1206 10 9 twoway  
1206 11 10 twoway  
1206 12 11 twoway  
1206 13 12 twoway  
1206 14 13 twoway  
1206 15 14 twoway  
1400  5.15533983  73.13487089  114.68 crew_car 0 New Service Truck 38
1401  5.15951020  73.13306267  199.58 crew_car New Service Truck Destination 39
99
