I
1100 Generated by WorldEditor 1.6.1r1

1      4 1 0 VRMG Gan Island
1302 city Gan
1302 country Maldives
1302 datum_lat -0.693333333
1302 datum_lon 73.155555556
1302 faa_code 
1302 iata_code GAN
1302 icao_code VRMG
1302 region_code VR
1302 state Seenu Atoll
1302 transition_alt 11000
1302 transition_level 13000
100 45.11 1 1 0.25 0 2 0 10 -00.69018716  073.13627136  243    0 2 0 0 0 28 -00.69502935  073.16743388  298    0 2 0 0 0
110 2 0.00 0.0000 New Taxiway 4
111 -00.69485153  073.16496881 1 102
112 -00.69512273  073.16579808 -00.69524907  073.16593129 1 102
112 -00.69558406  073.16633574 -00.69565617  073.16642343 1 102
112 -00.69572598  073.16709854 -00.69574229  073.16727019 1 102
112 -00.69563036  073.16734152 -00.69550211  073.16736447 1 102
113 -00.69521828  073.16740385 2
110 2 0.00 0.0000 New Taxiway 2
111 -00.69140732  073.14540551 1 102
112 -00.69121996  073.14498888 -00.69115935  073.14489819 1 102
112 -00.69091666  073.14477234 -00.69083812  073.14470787 1 102
112 -00.69068290  073.14437311 -00.69066649  073.14418548 1 102
112 -00.69094292  073.14392187 -00.69104012  073.14390627 1 102
113 -00.69117105  073.14387646 2
110 2 0.00 0.0000 apron
111 -00.69374170  073.16041048 1 102
112 -00.69327903  073.16004073 -00.69292612  073.16002374
111 -00.69327903  073.16004073
112 -00.69327903  073.16004073 -00.69314153  073.16003411 1 102
112 -00.69225447  073.16014244 -00.69186318  073.16019516
111 -00.69225447  073.16014244
112 -00.69225447  073.16014244 -00.69164145  073.16022504 20 106
111 -00.69109422  073.16024851
111 -00.69013328  073.15428271 20 106
111 -00.69136109  073.15410403 20 106
112 -00.69159686  073.15533873 -00.69173367  073.15576730 1 102
112 -00.69257465  073.15554105 -00.69288397  073.15547415 1 102
111 -00.69289838  073.15502609 2
111 -00.69308413  073.15618731 1 102
112 -00.69261049  073.15585661 -00.69225417  073.15590858 1 102
112 -00.69174056  073.15642753 -00.69182119  073.15694372 20 106
112 -00.69220652  073.15937410 -00.69230039  073.15993803 1 102
112 -00.69315547  073.15976486 -00.69347509  073.15968923 1 102
113 -00.69355058  073.15921323 2
110 1 0.00 175.0000 New Taxiway 5
111 -00.69038305  073.15319988
111 -00.69046192  073.15363671
112 -00.69043692  073.15385879 -00.69043692  073.15401653
111 -00.69051265  073.15423919
111 -00.69032735  073.15426861
112 -00.69030841  073.15406986 -00.69028011  073.15398161
112 -00.69003985  073.15391230 -00.68995326  073.15397389
111 -00.68986300  073.15405461
113 -00.68970214  073.15301290
110 1 0.00 175.0000 New Taxiway 1
111 -00.69037977  073.13627075 1 102
111 -00.69093613  073.13618581 1 102
111 -00.69106446  073.13712927 1 102
113 -00.69067459  073.13810626
130 Airport Boundary 24
111 -00.69651549  073.16731126
111 -00.69468353  073.16780332
111 -00.69331107  073.16607718
111 -00.69211166  073.16048149
111 -00.69029627  073.16079377
111 -00.68895095  073.15294440
111 -00.69078338  073.15255435
111 -00.68999723  073.14658394
111 -00.68970370  073.14425847
111 -00.68831630  073.13584027
113 -00.69155945  073.13535039
120 Linear Feature 7
112 -00.69191389  073.15975870 -00.69204334  073.15973005 3 101
115 -00.69202526  073.15957994
120 Linear Feature 6
111 -00.69207018  073.15984675 3 101
111 -00.69144479  073.15610168 3 101
111 -00.69135706  073.15561678 3 101
112 -00.69118162  073.15464864 -00.69115080  073.15448426 3 101
111 -00.69100091  073.15452087 3 101
115 -00.69068900  073.15459597
120 Linear Feature 7
111 -00.69367182  073.15877331 3 101
112 -00.69373803  073.15918710 -00.69379703  073.15956072 3 101
112 -00.69325044  073.15988673 -00.69297296  073.15993447 3 101
112 -00.69228727  073.15999798 -00.69171672  073.16004453
111 -00.69228727  073.15999798
112 -00.69228727  073.15999798 -00.69209745  073.16002085 3 101
111 -00.69207018  073.15984675 3 101
112 -00.69191389  073.15975870 -00.69178054  073.15978803 3 101
115 -00.69153292  073.15983464
120 Linear Feature 4
112 -00.69325044  073.15988673 -00.69361013  073.15982187 3 101
112 -00.69390326  073.16027572 -00.69395092  073.16052637 3 101
115 -00.69396786  073.16068372
120 Linear Feature 3
112 -00.69262386  073.15567543 -00.69283490  073.15563094 3 101
112 -00.69323905  073.15600568 -00.69327212  073.15619712 3 101
115 -00.69331236  073.15646971
120 Linear Feature 6
111 -00.69304578  073.15471872 3 101
112 -00.69309609  073.15507414 -00.69312483  073.15525335 3 101
112 -00.69262386  073.15567543 -00.69229354  073.15573437 3 101
112 -00.69169812  073.15584362 -00.69144492  073.15588018 3 101
112 -00.69144479  073.15610168 -00.69145957  073.15618914 3 101
112 -00.69130083  073.15632176 -00.69113927  073.15635702 3 101
115 -00.69096786  073.15638679
120 Linear Feature 23
112 -00.69111161  073.15507983 -00.69125018  073.15504709 3 101
115 -00.69122847  073.15490400
120 Linear Feature 22
111 -00.69076950  073.15515558 3 101
112 -00.69111161  073.15507983 -00.69125236  073.15504709 3 101
115 -00.69128292  073.15520641
120 Linear Feature 21
112 -00.69120763  073.15570946 -00.69136257  073.15568000 3 101
115 -00.69133552  073.15549868
120 Linear Feature 20
112 -00.69120763  073.15570946 -00.69136148  073.15568000 3 101
115 -00.69139831  073.15584041
120 Linear Feature 1
112 -00.69135706  073.15561678 -00.69139628  073.15582818 3 101
115 -00.69169812  073.15584362
120 Linear Feature 19
111 -00.69087592  073.15577166 3 101
112 -00.69120763  073.15570946 -00.69141515  073.15566970
111 -00.69120763  073.15570946
112 -00.69120763  073.15570946 -00.69130775  073.15569027 3 101
112 -00.69141288  073.15577581 -00.69147953  073.15582600
111 -00.69141288  073.15577581
112 -00.69141288  073.15577581 -00.69145213  073.15580295 3 101
116 -00.69169812  073.15584362 -00.69189671  073.15581634
120 Linear Feature 18
112 -00.69130083  073.15632176 -00.69146239  073.15628650 3 101
115 -00.69150315  073.15644540
120 Linear Feature 17
112 -00.69140076  073.15687598 -00.69156225  073.15684324 3 101
115 -00.69153933  073.15665882
120 Linear Feature 16
111 -00.69105487  073.15694363 3 101
112 -00.69140076  073.15687598 -00.69156334  073.15684433 3 101
115 -00.69159826  073.15700911
120 Linear Feature 15
112 -00.69149787  073.15745978 -00.69165827  073.15742377 3 101
115 -00.69163645  073.15724699
120 Linear Feature 14
111 -00.69116071  073.15753399 3 101
112 -00.69149787  073.15745978 -00.69165718  073.15742486 3 101
115 -00.69169380  073.15758634
120 Linear Feature 13
112 -00.69160153  073.15809488 -00.69176411  073.15806650 3 101
115 -00.69174461  073.15789343
120 Linear Feature 12
111 -00.69125832  073.15815678 3 101
112 -00.69160153  073.15809488 -00.69176411  073.15806650 3 101
115 -00.69179674  073.15820429
120 Linear Feature 11
112 -00.69169864  073.15863830 -00.69185468  073.15860884 3 101
115 -00.69183512  073.15843593
120 Linear Feature 10
111 -00.69134184  073.15870487 3 101
112 -00.69169864  073.15863830 -00.69185358  073.15860775 3 101
115 -00.69188844  073.15875536
120 Linear Feature 9
112 -00.69180230  073.15920465 -00.69194742  073.15916973 3 101
115 -00.69193548  073.15903548
120 Linear Feature 8
111 -00.69143022  073.15928540 3 101
112 -00.69180230  073.15920465 -00.69194851  073.15917082 3 101
115 -00.69198019  073.15930671
120 Linear Feature 2
111 -00.69465891  073.16499440 53 101
112 -00.69473172  073.16544950 -00.69476813  073.16564975 53 101
112 -00.69492589  073.16586820 -00.69502297  073.16600777 53 101
112 -00.69532028  073.16635971 -00.69546590  073.16650535 53 101
112 -00.69549624  073.16667525 -00.69551445  073.16679661 53 101
112 -00.69555085  073.16706968 -00.69556905  073.16720317 53 101
112 -00.69522320  073.16734881 -00.69502297  073.16738521 53 101
112 -00.69479240  073.16700293 -00.69474386  073.16673593 53 101
112 -00.69488341  073.16657210 -00.69485914  073.16640826 53 101
115 -00.69482274  073.16619588
120 Linear Feature 3
111 -00.69052666  073.13841360 53 101
112 -00.69047812  073.13812840 -00.69045384  073.13798884 53 101
112 -00.69058127  073.13779466 -00.69061160  073.13774005 53 101
112 -00.69079970  073.13721819 -00.69087251  073.13705436 53 101
112 -00.69086037  073.13678129 -00.69083610  073.13661746 53 101
112 -00.69079970  073.13646576 -00.69077543  073.13635653 53 101
112 -00.69041744  073.13633226 -00.69033249  073.13635653 53 101
112 -00.69012013  073.13677523 -00.69018687  073.13714538 53 101
116 -00.69033856  073.13736383 -00.69040530  073.13781286
21 -00.69044434  073.14129985 2 98.7000 3.00 10  VASI
21 -00.69454271  073.16088653 2 278.7000 3.00 28  VASI
20 -00.69435849  073.16051723 277.3500 0 4 {@Y}A{^r,@@,@R}10
20 -00.69358001  073.16062929 277.3500 0 4 {@Y}A{^r,@@,@R}10
20 -00.69332759  073.15898653 97.4300 0 4 {@Y,^l}A{@@,@R}28
20 -00.69410746  073.15885089 101.7700 0 4 {@Y,^l}A{@@,@R}28
20 -00.69369748  073.15635940 277.3500 0 4 {@Y}B{^r,@@,@R}10
20 -00.69293268  073.15649881 277.3500 0 4 {@Y}B{^r,@@,@R}10
20 -00.69268025  073.15485606 97.4300 0 4 {@Y,^l}B{@@,@R}28
20 -00.69346013  073.15472042 101.7700 0 4 {@Y,^l}B{@@,@R}28
20 -00.69263406  073.15594541 13.5700 0 4 {@L}B{@@,@R}28-10
20 -00.69254340  073.15542653 10.3000 0 4 {@L}B{@@,@R}28-10
20 -00.69324975  073.16013300 13.5700 0 4 {@L}A{@@,@R}28-10
20 -00.69316583  073.15968808 10.3000 0 4 {@L}A{@@,@R}28-10
14 -00.69047789  073.15727465  82.02 0 New Tower Viewpoint 1
1300 -00.69046312  073.15465482  11.31 tie_down jets|turboprops|props GA Ramp 1
1301 B general_aviation 
1300 -00.69057510  073.15520301  11.31 tie_down heavy Ramp Start 1
1301 C airline 
1300 -00.69063405  073.15581604  11.31 tie_down heavy Ramp Start 2
1301 C airline 
1300 -00.69079319  073.15699494  11.31 tie_down heavy Ramp Start 4
1301 C airline 
1300 -00.69090616  073.15757948  11.31 tie_down heavy Ramp Start 5
1301 C airline 
1300 -00.69100930  073.15821805  11.31 tie_down heavy Ramp Start 6
1301 C airline 
1300 -00.69126962  073.15988816  11.31 tie_down helos H1
1301 B airline 
1300 -00.69118121  073.15933310  11.31 tie_down heavy|jets Ramp Start 8
1301 B general_aviation 
1300 -00.69108789  073.15875347  11.31 tie_down heavy Ramp Start 7
1301 C airline 
1300 -00.69069911  073.15644046  12.00 tie_down heavy Ramp Start 3
1301 C airline 
18 -00.69206991  073.15506478 1 BCN
19 -00.69117872  073.13783324 1 WS
19 -00.69096551  073.14531377 1 WS
19 -00.69538068  073.16525168 1 WS
54 11910 GAN TWR
1200 
1201 -00.69228049  073.15999761 both 0 A_stop
1201 -00.69201853  073.15958827 both 1 A_stop
1201 -00.69143322  073.15608021 both 2 A_stop
1201 -00.69167471  073.15585507 both 3 A_stop
1201 -00.69237053  073.15572677 both 4 A_stop
1201 -00.69285430  073.15994072 both 5 A_stop
1201 -00.69502500  073.16742907 both 6 A_stop
1201 -00.69018752  073.13627630 both 7 A_start
1201 -00.69318588  073.15556958 both 8 unnamed entity(split)
1201 -00.69383272  073.15978156 both 9 unnamed entity(split)
1202 0 5 twoway taxiway_C A
1202 1 0 twoway taxiway_C A
1202 2 1 twoway taxiway_C A
1202 3 2 twoway taxiway_C A
1202 4 3 twoway taxiway_C A
1202 8 4 twoway taxiway_C B
1204 departure 10,28
1204 arrival 10,28
1204 ils 10,28
1202 9 5 twoway taxiway_C A
1204 departure 10,28
1204 arrival 10,28
1204 ils 10,28
1202 7 8 twoway runway 10/28
1204 departure 10,28
1204 arrival 10,28
1204 ils 10,28
1202 8 9 twoway runway 10/28
1204 departure 10,28
1204 arrival 10,28
1204 ils 10,28
1202 9 6 twoway runway 10/28
1204 departure 10,28
1204 arrival 10,28
1204 ils 10,28
99
