A
1100 Generated by WorldEditor 1.7.1r2

1      4 1 0 VRMM Male Intl
1302 city Malé
1302 country Maldives
1302 datum_lat 4.19165
1302 datum_lon 73.529144444
1302 faa_code 
1302 iata_code MLE
1302 icao_code VRMM
1302 region_code VR
1302 state Malé Capital
1302 transition_alt 11000
1302 transition_level 13000
100 45.11 1 1 1.00 0 3 0 18  04.20629400  073.52888900  100   61 2 0 0 0 36  04.17736900  073.52936700  290   73 3 7 0 0
120  Line from DSF lib/airport/lines/20_road_edge.lin 
111  4.205437268  73.528699602 20
111  4.205739377  73.528383381 20
111  4.206272739  73.528377336 20
113  4.206280790  73.528685681
120  Line from DSF lib/airport/lines/20_road_edge.lin 
111  4.178210705  73.529556636 20
111  4.177903151  73.529868600 20
111  4.177376019  73.529877507 20
113  4.177372344  73.529570492
120  Line from DSF lib/airport/lines/22_road_edge_dash.lin 
111  4.183615709  73.527658586 22
111  4.186049717  73.527622689 22
111  4.189766167  73.527568574 22
113  4.190879724  73.527635633
120  Line from DSF lib/airport/lines/22_road_edge_dash.lin 
111  4.189762643  73.528246563 22
113  4.190726379  73.528233602
120  Line from DSF lib/airport/lines/22_road_edge_dash.lin 
111  4.186061826  73.528306145 22
113  4.189762643  73.528246563
120  Line from DSF lib/airport/lines/20_road_edge.lin 
111  4.189762842  73.528213253 20
113  4.186061168  73.528268719
120  Line from DSF lib/airport/lines/20_road_edge.lin 
111  4.190725856  73.528200944 20
113  4.189762842  73.528213253
120  Line from DSF lib/airport/lines/20_road_edge.lin 
111  4.190726869  73.528264954 20
111  4.189762456  73.528277794 20
113  4.186062372  73.528337140
110  1 0.00 0.0000 Polygon from DSF lib/airport/pavement/concrete_5L.pol 
111  4.182790268  73.530199164 
112  4.182790268  73.530199164  4.182791647  73.530159608 
112  4.182721334  73.530125037  4.182681883  73.530123654 
112  4.182647405  73.530194155  4.182646026  73.530233711 
114  4.182716339  73.530268282  4.182755790  73.530269665 
111  4.182720915  73.530137041 
112  4.182720915  73.530137041  4.182757677  73.530137338 
112  4.182778296  73.530198744  4.182778296  73.530226092 
112  4.182716757  73.530256278  4.182676803  73.530255127 
114  4.182659377  73.530194575  4.182660266  73.530166335 
110  1 0.00 0.0000 Polygon from DSF lib/airport/pavement/concrete_6L.pol 
111  4.202402390  73.529226676 
111  4.202345365  73.529284600 
111  4.202356348  73.529294610 
113  4.202412815  73.529237336
110  1 0.00 0.0000 Polygon from DSF lib/airport/pavement/concrete_6L.pol 
111  4.202345400  73.529237004 
111  4.202402702  73.529294652 
111  4.202412775  73.529283721 
113  4.202356117  73.529226638
110  1 0.00 0.0000 Polygon from DSF lib/airport/pavement/concrete_6L.pol 
111  4.202204005  73.529227123 
111  4.202146980  73.529285047 
111  4.202157964  73.529295057 
113  4.202214431  73.529237784
110  1 0.00 0.0000 Polygon from DSF lib/airport/pavement/concrete_6L.pol 
111  4.202147015  73.529237451 
111  4.202204318  73.529295099 
111  4.202214390  73.529284168 
113  4.202157732  73.529227085
110  1 0.00 0.0000 Polygon from DSF lib/airport/pavement/concrete_6L.pol 
111  4.180213705  73.529600239 
111  4.180156680  73.529658163 
111  4.180167664  73.529668173 
113  4.180224131  73.529610900
110  1 0.00 0.0000 Polygon from DSF lib/airport/pavement/concrete_6L.pol 
111  4.180156716  73.529610567 
111  4.180214018  73.529668215 
111  4.180224090  73.529657284 
113  4.180167432  73.529600201
110  1 0.00 0.0000 Polygon from DSF lib/airport/pavement/concrete_6L.pol 
111  4.180418253  73.529598858 
111  4.180361228  73.529656782 
111  4.180372212  73.529666792 
113  4.180428678  73.529609518
110  1 0.00 0.0000 Polygon from DSF lib/airport/pavement/concrete_6L.pol 
111  4.180361263  73.529609186 
111  4.180418565  73.529666834 
111  4.180428638  73.529655903 
113  4.180371980  73.529598820
110  1 0.00 0.0000 Polygon from DSF lib/airport/pavement/asphalt_2D.pol 
111  4.181917416  73.527674152 
111  4.183615482  73.527630022 
111  4.189339975  73.527543369 
111  4.189766058  73.527537032 
111  4.190879581  73.527604941 
111  4.192109722  73.527699925 
111  4.193155646  73.527685583 
111  4.193304329  73.527683544 
111  4.193332952  73.527683152 
111  4.193333251  73.526897973 
111  4.190584346  73.526929721 
111  4.190213441  73.527078438 
111  4.189410825  73.527088383 
111  4.188615675  73.526361975 
111  4.185017103  73.526357576 
113  4.183247126  73.526386050
110  2 0.00 0.0000 Polygon from DSF lib/airport/Common_Elements/Misc_Buildings/White_Office.fac 
111  4.190153899  73.527359239 
111  4.190153899  73.527135096 
111  4.189791167  73.527135096 
111  4.189791167  73.527413513 
111  4.190073058  73.527413513 
113  4.190073058  73.527359239
110  1 0.00 0.0000 Polygon from DSF lib/airport/Modern_Airports/Facades/modern3.fac 
111  4.186382320  73.526652524 
111  4.186380680  73.526569486 
111  4.186219148  73.526570308 
111  4.186218328  73.526520979 
111  4.186138792  73.526521801 
113  4.186140432  73.526654168
110  2 0.00 0.0000 Polygon from DSF lib/airport/Common_Elements/Misc_Buildings/Cargo_Terminal.fac 
111  4.184836424  73.527504213 
111  4.184836424  73.527248252 
111  4.184419451  73.527274282 
111  4.184324565  73.527285538 
111  4.184326948  73.527504077 
113  4.184425050  73.527503836
110  2 0.00 0.0000 Polygon from DSF lib/airport/Common_Elements/Misc_Buildings/Cargo_Terminal.fac 
111  4.185324018  73.527502429 
111  4.185324111  73.527242898 
111  4.184924854  73.527242806 
113  4.184924762  73.527502338
110  2 0.00 0.0000 Polygon from DSF lib/airport/Common_Elements/Misc_Buildings/White_Warehouse.fac 
111  4.186187306  73.526766521 
111  4.186188854  73.526938823 
111  4.186642458  73.526935718 
113  4.186640909  73.526768073
110 1 0.00 0.0000 surface for radar installation (east)
111  04.19376656  073.53942617
111  04.19406426  073.53851900
111  04.19376090  073.53841209
113  04.19344464  073.53931557
110 5 0.00 0.0000 tarmac
111  04.20647573  073.52926581
111  04.20647552  073.52915706
111  04.20684750  073.52914943
111  04.20683814  073.52860288
111  04.20646470  073.52860634
111  04.20646419  073.52825472
111  04.20559953  073.52825590
111  04.20523603  073.52863352
113  04.20523739  073.52929572
110 1 0.00 0.0000 tarmac
111  04.20150864  073.52917159
111  04.20216210  073.52943575
111  04.20216465  073.52938929
111  04.20248790  073.52938266
111  04.20252514  073.52942505
111  04.20266120  073.52942239
113  04.20265579  073.52915265
110 5 0.00 0.0000 tarmac
111  04.17801254  073.53004287
111  04.17830281  073.52973830
111  04.17889318  073.52953408
111  04.17888861  073.52904747
111  04.17722866  073.52907870
113  04.17724515  073.53005669
110 5 0.00 0.0000 tarmac
111  04.17995224  073.52949907
111  04.17995534  073.52983347
111  04.18045468  073.52982341
113  04.18099547  073.52948698
110 1 0.60 0.0000 taxiway to runway
111  04.18361829  073.52838034
111  04.18364023  073.52905493
111  04.18364044  073.52906202
111  04.19076961  073.52895892
111  04.19076872  073.52894210
111  04.19072687  073.52826495
111  04.18976416  073.52828379
113  04.18606326  073.52833884
111  04.19076872  073.52894210
112  04.19076872  073.52894210  04.19046492  073.52893928 1 102
111  04.19046441  073.52873771 1 102
111  04.19046110  073.52845002
112  04.19046110  073.52845002  04.19045827  073.52827531 1 102
113  04.19072754  073.52827598
112  04.18977618  073.52828704  04.18984945  073.52828479
111  04.18977618  073.52828704 1 102
111  04.19014782  073.52827847
112  04.19014782  073.52827847  04.19031683  073.52828030 1 102
111  04.19032192  073.52845063 1 102
111  04.19032434  073.52873836
112  04.19032434  073.52873836  04.19032343  073.52891699 1 102
111  04.19013652  073.52894652 1 102
111  04.18971996  073.52895251
112  04.18971996  073.52895251  04.18942669  073.52895068 1 102
111  04.18944211  073.52869059
114  04.18944211  073.52869059  04.18944211  073.52834615 1 102
111  04.18922645  073.52871948
112  04.18922645  073.52871948  04.18922645  073.52895417 1 102
111  04.18888571  073.52896330 1 102
111  04.18858355  073.52896783
112  04.18858355  073.52896783  04.18831598  073.52896961 1 102
111  04.18831401  073.52871590
112  04.18831401  073.52871590  04.18831173  073.52831671 1 102
111  04.18871503  073.52830539
114  04.18871503  073.52830539  04.18923150  073.52830135 1 102
111  04.18807807  073.52871463
112  04.18807807  073.52871463  04.18807682  073.52893860 1 102
112  04.18781116  073.52898299  04.18773385  073.52898549
111  04.18781116  073.52898299 1 102
111  04.18696495  073.52899633
112  04.18696495  073.52899633  04.18670229  073.52900121 1 102
111  04.18669449  073.52872599
112  04.18669449  073.52872599  04.18669739  073.52837437 1 102
111  04.18705716  073.52833278 1 102
111  04.18769873  073.52832230
114  04.18769873  073.52832230  04.18806026  073.52832209 1 102
111  04.18648949  073.52874270
112  04.18648949  073.52874270  04.18647546  073.52900323 1 102
111  04.18621949  073.52901094 1 102
111  04.18524716  073.52902418
112  04.18524716  073.52902418  04.18497188  073.52902613 1 102
111  04.18497128  073.52875439
112  04.18497128  073.52875439  04.18498278  073.52836465 1 102
111  04.18535246  073.52835291 1 102
111  04.18606424  073.52834239
114  04.18606424  073.52834239  04.18647722  073.52833856 1 102
111  04.18474142  073.52876722
112  04.18474142  073.52876722  04.18474013  073.52900032 1 102
111  04.18450312  073.52903874 1 102
111  04.18425873  073.52904102
112  04.18425873  073.52904102  04.18409711  073.52902163 1 102
111  04.18408751  073.52886092 1 102
111  04.18408972  073.52852618
112  04.18408972  073.52852618  04.18409058  073.52836275 1 102
111  04.18434467  073.52836980
114  04.18434467  073.52836980  04.18471718  073.52838935 1 102
111  04.18361829  073.52838034
112  04.18361829  073.52838034  04.18389251  073.52837910 1 102
112  04.18393410  073.52853087  04.18393707  073.52859283
111  04.18393410  073.52853087 1 102
111  04.18394226  073.52885983
112  04.18394226  073.52885983  04.18394501  073.52905931 1 102
113  04.18364023  073.52905493
110 4 0.60 0.0000 dirt shoulders on taxiways
111  04.18361829  073.52838034
111  04.18362028  073.52843549
111  04.18363552  073.52895048
111  04.18364044  073.52906202
112  04.18394226  073.52885983  04.18392896  073.52864756
111  04.18394226  073.52885983
111  04.18393410  073.52853087
114  04.18393410  073.52853087  04.18393354  073.52836028
112  04.18386442  073.52853891  04.18386763  073.52863351
111  04.18386442  073.52853891
111  04.18387333  073.52884931
112  04.18387333  073.52884931  04.18387608  073.52893641
111  04.18363552  073.52895048
113  04.18362028  073.52843549
110 4 0.50 0.0000 dirt shoulders on taxiways
112  04.18648949  073.52874270  04.18648979  073.52856825
111  04.18648949  073.52874270
112  04.18648949  073.52874270  04.18648979  073.52850611
112  04.18606424  073.52834239  04.18579553  073.52834683
111  04.18606424  073.52834239
111  04.18535246  073.52835291
112  04.18535246  073.52835291  04.18515222  073.52835624
112  04.18497128  073.52875439  04.18497416  073.52900983
111  04.18497128  073.52875439
112  04.18497128  073.52875439  04.18497491  073.52897529
112  04.18524716  073.52902418  04.18535360  073.52901473
111  04.18524716  073.52902418
111  04.18621949  073.52901094
114  04.18621949  073.52901094  04.18635706  073.52900801
111  04.18520704  073.52891781
111  04.18514212  073.52891552
111  04.18508975  073.52889915
111  04.18505675  073.52884136
111  04.18504158  073.52876971
111  04.18504487  073.52867948
111  04.18507259  073.52859141
111  04.18513074  073.52851051
111  04.18521578  073.52845044
111  04.18531202  073.52842285
111  04.18606780  073.52841393
111  04.18615434  073.52841859
111  04.18625038  073.52845559
111  04.18633552  073.52853248
111  04.18638283  073.52862814
111  04.18640639  073.52873979
111  04.18638244  073.52883858
111  04.18632995  073.52889050
111  04.18624916  073.52890594
113  04.18617535  073.52890506
110 4 0.00 0.0000 dirt shoulders on taxiways
112  04.18807807  073.52871463  04.18807837  073.52854017
112  04.18769873  073.52832230  04.18742430  073.52832527
111  04.18769873  073.52832230
111  04.18705716  073.52833278
112  04.18705716  073.52833278  04.18685693  073.52833611
112  04.18669449  073.52872599  04.18669812  073.52894689
112  04.18696495  073.52899633  04.18707340  073.52899360
111  04.18696495  073.52899633
111  04.18781116  073.52898299
114  04.18781116  073.52898299  04.18798378  073.52898299
111  04.18699569  073.52889453
111  04.18690994  073.52889698
111  04.18683551  073.52888470
111  04.18679193  073.52881806
111  04.18676762  073.52872854
111  04.18679049  073.52862309
111  04.18684644  073.52852449
111  04.18694380  073.52844919
111  04.18702033  073.52840615
111  04.18712060  073.52840379
111  04.18764110  073.52839913
111  04.18773136  073.52840337
111  04.18783917  073.52843748
111  04.18792654  073.52851153
111  04.18798096  073.52860707
111  04.18799846  073.52870898
111  04.18797622  073.52879859
111  04.18792722  073.52886828
111  04.18785102  073.52888275
113  04.18777806  073.52888151
110 4 0.00 0.0000 dirt shoulders on taxiways
112  04.19032434  073.52873836  04.19031344  073.52864795
111  04.19032434  073.52873836
111  04.19032192  073.52845063
112  04.19032192  073.52845063  04.19032145  073.52836496
112  04.19014782  073.52827847  04.19002900  073.52828126
111  04.19014782  073.52827847
111  04.18977618  073.52828704
112  04.18977618  073.52828704  04.18961635  073.52828905
112  04.18944211  073.52869059  04.18944619  073.52896931
111  04.18944211  073.52869059
112  04.18944211  073.52869059  04.18943345  073.52890130
112  04.18971996  073.52895889  04.18985250  073.52895816
111  04.18971996  073.52895889
111  04.19013652  073.52894652
114  04.19013652  073.52894652  04.19024283  073.52895036
112  04.18968208  073.52884003  04.18957275  073.52882853
112  04.18951673  073.52868840  04.18951584  073.52859048
111  04.18951673  073.52868840
112  04.18951673  073.52868840  04.18951673  073.52852569
112  04.18976330  073.52836781  04.18987828  073.52836634
111  04.18976330  073.52836781
111  04.19014545  073.52836241
112  04.19014545  073.52836241  04.19024105  073.52836596
111  04.19024702  073.52845554
111  04.19025023  073.52874037
114  04.19025023  073.52874037  04.19020341  073.52886829
110 4 0.00 0.0000 dirt shoulders on taxiways
112  04.18474142  073.52876722  04.18473990  073.52851511
111  04.18474142  073.52876722
112  04.18474142  073.52876722  04.18473929  073.52851389
112  04.18434682  073.52836789  04.18415845  073.52837033
111  04.18434682  073.52836789
112  04.18434682  073.52836789  04.18426513  073.52836789
112  04.18408972  073.52852618  04.18409274  073.52867444
111  04.18408972  073.52852618
111  04.18408751  073.52886092
112  04.18425873  073.52904102  04.18442758  073.52903422
111  04.18425873  073.52904102
113  04.18450312  073.52903874
111  04.18447487  073.52893864
111  04.18425825  073.52893948
112  04.18425825  073.52893948  04.18421314  073.52894009
112  04.18415849  073.52886328  04.18415849  073.52878932
111  04.18415849  073.52886328
111  04.18415965  073.52853361
112  04.18415965  073.52853361  04.18415965  073.52844804
111  04.18432586  073.52844187
111  04.18442961  073.52845595
111  04.18452420  073.52850218
111  04.18459858  073.52857806
111  04.18464514  073.52867236
111  04.18467194  073.52877001
111  04.18466114  073.52885233
111  04.18461865  073.52891920
113  04.18454825  073.52893730
110 4 0.00 0.0000 dirt shoulders on taxiways
112  04.18922645  073.52871948  04.18922457  073.52853150
111  04.18922645  073.52871948
112  04.18871503  073.52830539  04.18817509  073.52831185
111  04.18871503  073.52830539
112  04.18871503  073.52830539  04.18827407  073.52833928
111  04.18831322  073.52871985
112  04.18858355  073.52896783  04.18887473  073.52895858
111  04.18858355  073.52896783
114  04.18858355  073.52896783  04.18908108  073.52899427
111  04.18860252  073.52886776
111  04.18851270  073.52886920
111  04.18844212  073.52885361
111  04.18839070  073.52879721
111  04.18837795  073.52870837
111  04.18839884  073.52859796
111  04.18844810  073.52850227
111  04.18853473  073.52842277
111  04.18864302  073.52837895
111  04.18874840  073.52836372
112  04.18914534  073.52872816  04.18914681  073.52906292
111  04.18914534  073.52872816
114  04.18914534  073.52872816  04.18914037  073.52888064
110 1 0.80 88.8700 aux services apron
111  04.19683942  073.52884266
111  04.19698620  073.52884023
111  04.19698154  073.52820294
111  04.19745584  073.52819263
111  04.19745541  073.52768794
111  04.19665956  073.52768052
111  04.19665771  073.52741329
111  04.19675765  073.52731122
111  04.19706669  073.52731101
111  04.19706148  073.52669965
111  04.19658884  073.52670141
111  04.19659602  073.52767953
111  04.19614705  073.52777651
111  04.19594326  073.52777798
111  04.19594094  073.52800038
111  04.19586729  073.52801234
111  04.19579648  073.52802385
111  04.19579522  073.52821499
113  04.19683023  073.52820177
110 2 0.80 0.0000 FBO apron
111  04.19603834  073.52885644
112  04.19603834  073.52885644  04.19587206  073.52885657
111  04.19586873  073.52862132
111  04.19586729  073.52801234
111  04.19586625  073.52757463
111  04.19595798  073.52740505
111  04.19639660  073.52740759
111  04.19645591  073.52733174
111  04.19645541  073.52680044
111  04.19515778  073.52680551
111  04.19515215  073.52817104
111  04.19565038  073.52818101
111  04.19565118  073.52824360
111  04.19565649  073.52862303
114  04.19550187  073.52886506  04.19535964  073.52886877
110 5 0.00 0.0000 ga taxiway
111  04.19304876  073.52890831
111  04.19304817  073.52830559
111  04.19304800  073.52818167
111  04.19297459  073.52818523
113  04.19297674  073.52890831
110 1 0.00 0.0000 New Taxiway 1
111  04.19330820  073.52816845
111  04.19334286  073.52792399
111  04.19333295  073.52768315
111  04.19210972  073.52769992
111  04.19087958  073.52760494
111  04.19087987  073.52766639
111  04.19088235  073.52819805
111  04.19072586  073.52820094
111  04.19072638  073.52823360
111  04.19072687  073.52826495
111  04.19072754  073.52827598
111  04.19102570  073.52826645
111  04.19102712  073.52819674
111  04.19152451  073.52819009
111  04.19152634  073.52815874
111  04.19257679  073.52815136
111  04.19272581  073.52817718
111  04.19297459  073.52818523
113  04.19304800  073.52818167
110 5 0.00 0.0000 gravel under fueling station
111  04.19315414  073.52754658
111  04.19315565  073.52768558
111  04.19330433  073.52768354
113  04.19330255  073.52754497
110 4 0.00 0.0000 dirt under fuel bunker
111  04.19337569  073.52693520
111  04.19337698  073.52748049
111  04.19352844  073.52747969
111  04.19353382  073.52788771
111  04.19421978  073.52788218
111  04.19421992  073.52758203
111  04.19452462  073.52758071
113  04.19452449  073.52692919
110 1 0.80 89.5200 bunkers apron
111  04.19304817  073.52830559
111  04.19473896  073.52833493
111  04.19473872  073.52823824
111  04.19565118  073.52824360
111  04.19565038  073.52818101
111  04.19515215  073.52817104
111  04.19473871  073.52816219
111  04.19473853  073.52811106
111  04.19515294  073.52810979
111  04.19515479  073.52761484
111  04.19468174  073.52761486
111  04.19468428  073.52797892
111  04.19421976  073.52798029
111  04.19421978  073.52788218
111  04.19353382  073.52788771
111  04.19334286  073.52792399
111  04.19330820  073.52816845
113  04.19304800  073.52818167
110 2 0.00 0.0000 gravel section north
111  04.18976606  073.52753703
111  04.18976649  073.52760391
111  04.19087987  073.52766639
113  04.19087958  073.52760494 20
110 1 0.00 0.0000 asphalt section
111  04.18361593  073.52768928 20
111  04.18605038  073.52765549 20
111  04.18976649  073.52760391
111  04.18976606  073.52753703 20
111  04.18604906  073.52759274 20
113  04.18361548  073.52763002 20
110 1 0.80 0.0000 domestic apron
111  04.18976240  073.52828773
111  04.19072717  073.52827597
111  04.19072687  073.52826495
111  04.19072638  073.52823360
111  04.19072586  073.52820094
111  04.19088235  073.52819805
111  04.19087987  073.52766639
111  04.18976649  073.52760391
111  04.18976284  073.52821325
111  04.18976264  073.52824656
113  04.18976246  073.52827779
110 2 0.60 0.0000 international apron north
111  04.18606247  073.52834278
111  04.18976240  073.52828773
111  04.18976649  073.52760391
113  04.18605038  073.52765549
110 2 0.60 0.0000 international apron south
111  04.18606247  073.52834278
111  04.18606237  073.52833714
111  04.18606183  073.52830615
111  04.18606117  073.52826872
111  04.18605038  073.52765549
111  04.18361593  073.52768928 1
113  04.18361829  073.52838034
130 airport boundary
111  04.20603053  073.53035360
111  04.20740044  073.52976350
111  04.20739619  073.52806017
111  04.20031114  073.52668655
111  04.19709190  073.52667277
111  04.19653839  073.52667615
111  04.19643376  073.52676752
111  04.19512760  073.52677598
111  04.19454023  073.52690380
111  04.19378790  073.52690728
111  04.19058435  073.52692654
111  04.19021344  073.52707526
111  04.18941083  073.52708520
111  04.18861568  073.52635880
111  04.18501710  073.52635440
111  04.18324713  073.52638287
111  04.18185208  073.52760863
111  04.18161060  073.52784087
111  04.17641448  073.52792919
111  04.17641099  073.52866431
111  04.17664496  073.52974078
113  04.17732018  073.53041241
120 A hold short line
111  04.18957641  073.52836126 4 105
115  04.18901491  073.52836469
120 H hold short line
111  04.18412008  073.52843570 4 105
115  04.18388920  073.52843730
120 F hold short line
111  04.18513920  073.52842463 4 105
115  04.18455835  073.52843149
120 D hold short line
111  04.18687139  073.52839676 4 105
115  04.18630752  073.52840262
120 B hold short line
111  04.18847660  073.52837521 4 105
115  04.18791391  073.52838022
120 C hold short line
111  04.19050501  073.52834193 4 105
115  04.19028487  073.52834289
120 C taxiway
111  04.19038864  073.52834261 1 105
115  04.19039428  073.52874503
120 C taxiway
112  04.19039428  073.52874503  04.19039901  073.52913027 1 105
115  04.19075244  073.52912251
120 C taxiway
112  04.19039428  073.52874503  04.19039901  073.52913027 1 105
116  04.19001217  073.52913474  04.18988336  073.52913639
120 A taxiway
111  04.18932668  073.52836219 1 101
115  04.18932750  073.52878392
120 A taxiway
112  04.18932750  073.52878392  04.18933223  073.52915567 1 105
116  04.18973854  073.52913928  04.18984611  073.52913828
120 A taxiway
112  04.18932750  073.52878392  04.18933223  073.52915567 1 105
116  04.18888374  073.52915338  04.18873443  073.52915611
120 B taxiway
111  04.18818820  073.52837840 1 101
115  04.18819033  073.52879481
120 B taxiway
112  04.18819033  073.52879481  04.18819506  073.52916915 1 105
116  04.18863420  073.52915608  04.18879797  073.52915509
120 B taxiway
112  04.18819033  073.52879481  04.18819506  073.52916915 1 105
116  04.18779899  073.52917129  04.18765044  073.52917237
120 D taxiway
111  04.18657868  073.52840006 1
115  04.18658362  073.52882080
120 D taxiway
112  04.18658362  073.52882080  04.18658835  073.52919514 1
116  04.18698838  073.52918470  04.18709784  073.52918321
120 D taxiway
112  04.18658362  073.52882080  04.18658835  073.52919514 1
116  04.18618340  073.52919802  04.18607241  073.52919990
120 F taxiway
111  04.18484543  073.52842937 1 101
115  04.18485334  073.52888446
120 F taxiway
112  04.18485334  073.52888446  04.18485807  073.52922351 1 105
116  04.18529392  073.52921270  04.18538170  073.52921235
120 F taxiway
112  04.18485334  073.52888446  04.18485807  073.52922351 1 105
116  04.18443161  073.52922694  04.18431801  073.52922956
120 Linear Feature 26
111  04.18447332  073.52903726 1
115  04.18447487  073.52893864
120 Linear Feature 25
111  04.18457227  073.52901495 1
115  04.18454825  073.52893730
120 Linear Feature 24
111  04.18465768  073.52896070 1
115  04.18461865  073.52891920
120 Linear Feature 23
111  04.18471692  073.52887734 1
115  04.18466114  073.52885233
120 Linear Feature 22
111  04.18474033  073.52876905 1
115  04.18467194  073.52877001
120 Linear Feature 21
111  04.18471329  073.52864867 1
115  04.18464514  073.52867236
120 Linear Feature 20
111  04.18465592  073.52853452 1
115  04.18459858  073.52857806
120 Linear Feature 19
111  04.18456778  073.52844302 1
115  04.18452420  073.52850218
120 Linear Feature 18
111  04.18445099  073.52838714 1
115  04.18442961  073.52845595
120 Linear Feature 16
111  04.18432487  073.52837049 1
115  04.18432586  073.52844187
120 Linear Feature 69
111  04.18849978  073.52837223 1
115  04.18853473  073.52842277
120 Linear Feature 68
111  04.18862722  073.52832080 1
115  04.18864302  073.52837895
120 Linear Feature 67
111  04.18874853  073.52830699 1
115  04.18874840  073.52836372
120 Linear Feature 36
111  04.18519994  073.52902070 1
115  04.18520704  073.52891781
120 Linear Feature 35
111  04.18510714  073.52899262 1
115  04.18514212  073.52891552
120 Linear Feature 34
111  04.18504271  073.52894148 1
115  04.18508975  073.52889915
120 Linear Feature 33
111  04.18499754  073.52886965 1
115  04.18505675  073.52884136
120 Linear Feature 32
112  04.18497428  073.52877327  04.18497605  073.52877327 1
115  04.18504158  073.52876971
120 Linear Feature 31
111  04.18498285  073.52866508 1
115  04.18504487  073.52867948
120 Linear Feature 30
111  04.18501852  073.52856071 1
115  04.18507259  073.52859141
120 Linear Feature 29
111  04.18509041  073.52846567 1
115  04.18513074  073.52851051
120 Linear Feature 28
111  04.18518948  073.52840042 1
115  04.18521578  073.52845044
120 Linear Feature 27
111  04.18529984  073.52836346 1
115  04.18531202  073.52842285
120 Linear Feature 66
111  04.18778045  073.52898347 1
115  04.18777806  073.52888151
120 Linear Feature 65
111  04.18787789  073.52897285 1
115  04.18785102  073.52888275
120 Linear Feature 64
111  04.18797844  073.52892718 1
115  04.18792722  073.52886828
120 Linear Feature 63
111  04.18805418  073.52883421 1
115  04.18797622  073.52879859
120 Linear Feature 62
111  04.18807684  073.52870788 1
115  04.18799846  073.52870898
120 Linear Feature 61
111  04.18805016  073.52858325 1
115  04.18798096  073.52860707
120 Linear Feature 60
111  04.18798906  073.52846171 1
115  04.18792654  073.52851153
120 Linear Feature 59
111  04.18788360  073.52836763 1
115  04.18783917  073.52843748
120 Linear Feature 58
111  04.18774937  073.52832564 1
115  04.18773136  073.52840337
120 Linear Feature 57
111  04.18764107  073.52832375 1
115  04.18764110  073.52839913
120 Linear Feature 76
111  04.18860084  073.52896667 1
115  04.18860252  073.52886776
120 Linear Feature 75
111  04.18849402  073.52895617 1
115  04.18851270  073.52886920
120 Linear Feature 74
111  04.18839945  073.52890618 1
115  04.18844212  073.52885361
120 Linear Feature 73
111  04.18833710  073.52881790 1
115  04.18839070  073.52879721
120 Linear Feature 72
111  04.18831521  073.52870889 1
115  04.18837795  073.52870837
120 Linear Feature 71
111  04.18833424  073.52857774 1
115  04.18839884  073.52859796
120 Linear Feature 70
111  04.18839268  073.52846425 1
115  04.18844810  073.52850227
120 Linear Feature 49
111  04.18689986  073.52838616 1
115  04.18694380  073.52844919
120 Linear Feature 48
111  04.18700447  073.52834452 1
115  04.18702033  073.52840615
120 Linear Feature 56
111  04.18699697  073.52899556 1
115  04.18699569  073.52889453
120 Linear Feature 55
111  04.18689375  073.52898979 1
115  04.18690994  073.52889698
120 Linear Feature 54
111  04.18678551  073.52893446 1
115  04.18683551  073.52888470
120 Linear Feature 53
111  04.18672264  073.52884256 1
115  04.18679193  073.52881806
120 Linear Feature 52
111  04.18669520  073.52872989 1
115  04.18676762  073.52872854
120 Linear Feature 51
111  04.18671416  073.52859940 1
115  04.18679049  073.52862309
120 Linear Feature 50
111  04.18678172  073.52847792 1
115  04.18684644  073.52852449
120 Linear Feature 47
111  04.18711943  073.52833219 1
115  04.18712060  073.52840379
120 Linear Feature 46
111  04.18617607  073.52901051 1
115  04.18617535  073.52890506
120 Linear Feature 45
111  04.18627840  073.52900312 1
115  04.18624916  073.52890594
120 Linear Feature 44
111  04.18637445  073.52895903 1
115  04.18632995  073.52889050
120 Linear Feature 43
111  04.18645022  073.52887728 1
115  04.18638244  073.52883858
120 Linear Feature 42
111  04.18648779  073.52873825 1
115  04.18640639  073.52873979
120 Linear Feature 41
111  04.18645810  073.52860330 1
115  04.18638283  073.52862814
120 Linear Feature 40
111  04.18639820  073.52849126 1
115  04.18633552  073.52853248
120 Linear Feature 39
111  04.18628775  073.52839451 1
115  04.18625038  073.52845559
120 Linear Feature 38
111  04.18617282  073.52835393 1
115  04.18615434  073.52841859
120 Linear Feature 37
111  04.18606754  073.52834322 1
115  04.18606780  073.52841393
120 Linear Feature 4
111  04.17736894  073.52936690 92
115  04.20629398  073.52888900
21  04.20159828  073.52850708 3 180.0000 2.83 18 PAPI-4L
21  04.20161184  073.52946226 2 180.0000 2.83 18 PAPI-4L
21  04.18381394  073.52972354 3 359.0600 2.86 36 PAPI-4L
21  04.18379688  073.52879317 2 359.0600 2.86 36 PAPI-4L
20  04.19060926  073.52835058 89.7600 0 3 {@R}18-36{@L}C
20  04.19014545  073.52836241 89.3200 0 3 {@R}18-36{@L}C
20  04.19012268  073.52881864 269.0900 0 3 {@L}C
20  04.19066178  073.52880855 269.1000 0 3 {@L}C
20  04.18969852  073.52838085 89.7600 0 3 {@R}18-36{@L}F{@@}{@L}A
20  04.18895241  073.52839148 89.3200 0 3 {@R}18-36{@L}F{@@}{@L}A
20  04.18898699  073.52882729 269.3900 0 3 {@L}A
20  04.18966841  073.52882585 269.3400 0 3 {@L}A
20  04.18857153  073.52839852 89.7600 0 3 {@R}18-36{@L}B
20  04.18780950  073.52840429 89.3200 0 3 {@R}18-36{@L}B
20  04.18852840  073.52884315 269.3000 0 3 {@L}B
20  04.18784554  073.52884891 269.3400 0 3 {@L}B
20  04.18696430  073.52841790 89.7600 0 3 {@R}18-36{@L}D
20  04.18618799  073.52842725 89.3200 0 3 {@R}18-36{@L}D
20  04.18691438  073.52886480 269.1500 0 3 {@L}D
20  04.18624764  073.52887884 268.7600 0 3 {@L}D
20  04.18524981  073.52843872 88.7800 0 3 {@R}18-36{@L}F
20  04.18448671  073.52844186 89.7400 0 3 {@R}18-36{@L}F
20  04.18450233  073.52890412 269.3300 0 3 {@L}F
20  04.18519149  073.52889570 269.0900 0 3 {@L}F
14  04.18807452  073.52723804 118.11 0 ATC Tower
1300  04.18854299  073.52775886 -52.27 gate heavy|jets International Terminal
1301 E airline 
1300  04.18877055  073.52775551 224.18 gate heavy|jets International Terminal
1301 E airline 
1300  04.18518097  073.52776641 269.49 gate heavy|jets Cargo Terminal
1301 E cargo 
1300  04.19058772  073.52801474 -124.17 tie_down turboprops|props Domestic Terminal
1301 B general_aviation 
1300  04.18970662  073.52803249 -129.74 tie_down turboprops|props Domestic Terminal
1301 B airline 
1300  04.19030279  073.52773160 315.00 tie_down turboprops|props Domestic Terminal
1301 B airline 
1300  04.19534284  073.52781638 359.65 tie_down jets|turboprops|props North GA Ramp
1301 A general_aviation 
1300  04.19540518  073.52745931 359.65 tie_down props North GA Ramp
1301 B general_aviation 
1300  04.19609776  073.52787864  90.00 tie_down turboprops|props North GA Ramp
1301 A general_aviation 
1300  04.19713525  073.52809840 -90.17 tie_down jets|turboprops|props North GA Ramp
1301 A general_aviation 
1300  04.19732820  073.52785715 178.51 tie_down helos North GA Ramp
1301 B general_aviation 
1300  04.18374925  073.52799272 359.92 tie_down jets|turboprops|props|fighters South Apron
1301 B general_aviation 
18  04.19187557  073.53034673 1 BCN
53 12160 GND
54 11810 TWR
50 12550 ATIS
55 11970 APP
1000 Southerly Flow Day
1001 VRMM 090 270 999
1002 VRMM 300
1003 VRMM 0.0
1004 0500 2200
1101 18 left
1100 18  13300 arrivals|departures heavy|jets|turboprops|props|helos 000000 010170 Arr,Dep Rwy 18
1000 Northerly flow
1002 VRMM 300
1003 VRMM 0.0
1004 0500 2200
1101 36 right
1100 18  13300 arrivals|departures heavy|jets|turboprops|props|helos 000000 000000  Rwy 18
1000 Northerly flow night
1002 VRMM 300
1003 VRMM 1.0
1004 2200 0500
1101 36 left
1100 36  13300 arrivals|departures heavy|jets|turboprops|props|helos 000000 000000  Rwy 36
1000 Sourtherly flow night
1001 VRMM 120 240 999
1002 VRMM 300
1003 VRMM 1.0
1004 2200 0500
1101 18 left
1100 18  13300 arrivals|departures heavy|jets|turboprops|props|helos 000000 010170 Arr,Dep Rwy 18
1000 catchall flow 36
1002 VRMM 0
1003 VRMM 0.0
1101 36 right
1100 36  13300 arrivals|departures heavy|jets|turboprops|props|helos 000000 000000  Rwy 36
1200 
1201  04.20611913  073.52888995 both 0 node
1201  04.17761015  073.52936344 both 1 node
1201  04.19038864  073.52830149 both 2 taxiway C_start
1201  04.19039861  073.52915571 both 3 taxi rwy 18/36_start(split)
1201  04.18932567  073.52832947 both 4 taxiway A_start
1201  04.18933097  073.52917023 both 5 taxi rwy 18/36_start(split)
1201  04.18818820  073.52833920 both 6 taxiway B_start
1201  04.18819105  073.52918854 both 7 taxi rwy 18/36_start(split)
1201  04.18657859  073.52835262 both 8 taxiway D_start
1201  04.18658700  073.52921655 both 9 taxi rwy 18/36_start(split)
1201  04.18485975  073.52924473 both 10 taxi rwy 18/36_start(split)(split)
1201  04.18484496  073.52840715 both 11 taxiway F_start
1201  04.18400818  073.52842255 both 12 taxiway H_start
1201  04.18401369  073.52925812 both 13 taxi rwy 18/36_start(split)
1201  04.19038864  073.52823579 both 14 
1201  04.18400692  073.52833340 both 15 
1201  04.18818808  073.52827313 both 16 unnamed entity(split)
1201  04.19691532  073.52904533 both 17 taxi rwy 18/36_start(split)(split)
1201  04.19690998  073.52827882 both 18 _stop
1201  04.19707241  073.52795797 both 19 unnamed entity(split)
1201  04.19690818  073.52798076 both 20 unnamed entity(split)
1201  04.19638835  073.52804723 both 21 unnamed entity(split)
1201  04.19575774  073.52812460 both 22 _stop
1201  04.19576570  073.52906717 both 23 taxi rwy 18/36_start(split)(split)
1201  04.19576196  073.52829243 both 24 _stop
1201  04.19575884  073.52816678 both 25 unnamed entity(split)
1201  04.19565423  073.52766643 both 26 unnamed entity(split)
1201  04.19565380  073.52722412 both 27 _stop
1201  04.19301769  073.52911200 both 28 taxi rwy 18/36_start(split)(split)
1201  04.18867703  073.52826423 both 29 N_stop
1201  04.18807269  073.52827530 both 30 N_stop
1201  04.19684786  073.52704494 both 31 N_stop
1201  04.19662540  073.52740875 both 32 N_stop
1201  04.19529983  073.52820671 both 33 unnamed entity(split)
1201  04.19557470  073.52818138 both 34 unnamed entity(split)
1201  04.19633928  073.52810995 both 35 unnamed entity(split)
1201  04.19662729  073.52778843 both 36 unnamed entity(split)
1201  04.19389062  073.52818713 both 37 N_stop
1201  04.19301296  073.52815062 both 38 unnamed entity(split)
1201  04.19286122  073.52776086 both 39 N_stop
1201  04.19115969  073.52776426 both 40 N_stop
1201  04.18751998  073.52829056 both 41 N_stop
1201  04.19087972  073.52763563 both 42 N_stop
1201  04.18976608  073.52756934 both 43 N_stop
1201  04.19040239  073.52760828 both 44 unnamed entity(split)
1201  04.18361582  073.52766070 both 45 N_start
1201  04.18399913  073.52765333 both 46 unnamed entity(split)
1201  04.18451516  073.52764557 both 47 unnamed entity(split)
1201  04.18590949  073.52762565 both 48 unnamed entity(split)
1201  04.18751393  073.52760174 both 49 unnamed entity(split)
1201  04.18745810  073.52796854 both 50 unnamed entity(split)
1201  04.18806493  073.52760097 both 51 unnamed entity(split)
1201  04.18864799  073.52758902 both 52 unnamed entity(split)
1201  04.18556638  073.52831059 both 53 N_stop
1201  04.19682470  073.52795354 both 54 N_stop
1201  04.18388664  073.52825093 both 55 unnamed entity(split)
1201  04.18388465  073.52779326 both 56 unnamed entity(split)
1201  04.19080025  073.52823370 both 57 N_stop
1201  04.18932481  073.52825811 both 58 unnamed entity(split)
1201  04.18657746  073.52830023 both 59 B
1201  04.18484415  073.52832637 both 60 unnamed entity(split)
1201  04.19095242  073.52816574 both 61 N_stop
1201  04.19295150  073.52814807 both 62 N_stop
1202 1 13 twoway runway 18/36
1204 departure 18,36
1204 arrival 18,36
1204 ils 18,36
1202 10 13 twoway runway 18/36
1204 departure 18,36
1204 arrival 18,36
1204 ils 18,36
1202 9 10 twoway runway 18/36
1204 departure 18,36
1204 arrival 18,36
1204 ils 18,36
1202 9 7 twoway runway 18/36
1204 departure 18,36
1204 arrival 18,36
1204 ils 18,36
1202 7 5 twoway runway 18/36
1204 departure 18,36
1204 arrival 18,36
1204 ils 18,36
1202 5 3 twoway runway 18/36
1204 departure 18,36
1204 arrival 18,36
1204 ils 18,36
1202 3 28 twoway runway 18/36
1204 departure 18,36
1204 arrival 18,36
1204 ils 18,36
1202 28 23 twoway runway 18/36
1204 departure 18,36
1204 arrival 18,36
1204 ils 18,36
1202 23 17 twoway runway 18/36
1204 departure 18,36
1204 arrival 18,36
1204 ils 18,36
1202 17 0 twoway runway 18/36
1204 departure 18,36
1204 arrival 18,36
1204 ils 18,36
1202 2 3 twoway taxiway_C E
1204 departure 18,36
1204 arrival 18,36
1202 4 5 twoway taxiway_E D
1204 departure 18,36
1204 arrival 18,36
1202 6 7 twoway taxiway_E C
1204 departure 18,36
1204 arrival 18,36
1202 8 9 twoway taxiway_E B
1204 departure 18,36
1204 arrival 18,36
1202 11 10 twoway taxiway_E A
1204 departure 18,36
1204 arrival 18,36
1202 12 13 twoway taxiway_D H
1204 departure 18,36
1204 arrival 18,36
1202 14 2 twoway taxiway_C E
1202 15 12 twoway taxiway_D H
1202 60 11 twoway taxiway_E A
1202 60 11 twoway taxiway_E 
1202 59 8 twoway taxiway_E B
1202 16 6 twoway taxiway_E C
1202 4 58 twoway taxiway_E D
1202 20 18 twoway taxiway_B G
1202 18 17 twoway taxiway_B G
1204 departure 18,36
1204 arrival 18,36
1202 19 20 twoway taxiway_B 
1202 20 21 twoway taxiway_B 
1202 21 22 twoway taxiway_B 
1202 24 23 twoway taxiway_B F
1204 departure 18,36
1204 arrival 18,36
1202 24 25 twoway taxiway_B F
1202 25 22 twoway taxiway_B 
1202 22 26 twoway taxiway_B 
1202 26 27 twoway taxiway_B 
1206 34 27 twoway  N
1206 44 14 twoway  N
1206 32 31 twoway  N
1206 37 33 twoway  N
1206 33 34 twoway  N
1206 34 25 twoway  N
1206 25 35 twoway  N
1206 35 21 twoway  N
1206 21 36 twoway  N
1206 36 32 twoway  N
1206 39 37 twoway  N
1206 40 39 twoway  N
1206 42 40 twoway  N
1206 49 50 twoway  N
1206 50 41 twoway  N
1206 43 44 twoway  N
1206 44 42 twoway  N
1206 45 46 twoway  N
1206 46 47 twoway  N
1206 47 48 twoway  N
1206 48 49 twoway  N
1206 49 51 twoway  N
1206 51 52 twoway  N
1206 52 43 twoway  N
1206 54 19 twoway  N
1206 36 54 twoway  N
1206 15 55 twoway  N
1206 55 56 twoway  N
1206 56 46 twoway  N
1206 57 14 twoway  N
1206 14 58 twoway  N
1206 58 29 twoway  N
1206 29 16 twoway  N
1206 16 30 twoway  N
1206 30 41 twoway  N
1206 41 59 twoway  N
1206 59 53 twoway  N
1206 53 60 twoway  N
1206 60 15 twoway  N
1206 61 57 twoway  N
1206 62 61 twoway  N
1206 37 38 twoway  N
1206 38 62 twoway  N
1400  4.19311386  73.52772725  0.60 fuel_jets 0 New Service Truck 10
1400  4.19312202  73.52778209 -6.42 fuel_props 0 New Service Truck 8
1400  4.18564036  73.52773112 -81.75 fuel_liners 0 New Service Truck 7
1400  4.18572503  73.52755742  1.15 fuel_liners 0 New Service Truck 6
1400  4.18619458  73.52752754  94.75 food 0 New Service Truck 13
1400  4.18629799  73.52752788  90.00 food 0 New Service Truck 13
1400  4.18757466  73.52753766  90.00 baggage_train 3 New Service Truck 11
1400  4.19675152  73.52692049  0.00 crew_car 0 New Service Truck 23
1400  4.19675237  73.52697004  0.00 crew_car 0 New Service Truck 22
1400  4.19675144  73.52702389  7.86 crew_car 0 New Service Truck 21
1400  4.18634794  73.52751146  90.00 baggage_loader 0 New Service Truck 12
1400  4.18933131  73.52751255 -185.98 gpu 0 New Service Truck 29
1400  4.19684205  73.52724066  194.89 fuel_props 0 New Service Truck 26
1400  4.19675038  73.52687491  0.00 crew_car 0 New Service Truck 24
1401  4.19572062  73.52720623  0.00 crew_car|crew_ferrari|crew_limo|fuel_jets|gpu New Service Truck Destination 20
1401  4.18739109  73.52785609  225.73 crew_car|fuel_liners|food New Service Truck Destination 14
1401  4.18442773  73.52778258  0.00 baggage_loader|baggage_train|crew_car|crew_limo|fuel_liners|food|pushback New Service Truck Destination 18
1401  4.19035281  73.52792707  0.00 baggage_loader|baggage_train|crew_car|crew_limo|fuel_jets|fuel_props|food|pushback New Service Truck Destination 18
1401  4.18894856  73.52777225  0.00 baggage_loader|baggage_train|crew_car|crew_limo|fuel_jets|fuel_liners|food|gpu|pushback New Service Truck Destination 18
1401  4.18795783  73.52780406  0.00 baggage_loader|baggage_train|crew_car|crew_limo|fuel_liners|food|pushback New Service Truck Destination 18
1401  4.18588736  73.52773823  0.00 baggage_loader|baggage_train|crew_car|crew_limo|fuel_liners|food|pushback New Service Truck Destination 18
1401  4.19715509  73.52795218  0.00 crew_car|crew_limo|fuel_props|gpu New Service Truck Destination 27
99
